Ft,MaxFt,MaxDepth,NumTrees,LR,Accuracy,MacroPrecision,MicroPrecision,MacroRecall,MicroRecall,MacroF1,MicroF1,MacroAUC,MicroAUC,Hamming,Time
ecfp,auto,3,200,0.2,0.789154,0.7713883572090401,0.7891542930923175,0.6718888719915693,0.7891542930923175,0.7069743694838933,0.7891542930923177,0.7582918102160632,0.8418657198192383,0.1437486550462664,391.367788
ecfp,auto,3,200,0.5,0.789800,0.7412573667400555,0.7897998708844415,0.7025873655247022,0.7897998708844415,0.7190841595390856,0.7897998708844415,0.7818868790759943,0.8423499031633312,0.14202711426726922,390.007309
ecfp,auto,3,200,0.8,0.781859,0.7272461349520578,0.7818592640413171,0.7029460726103676,0.7818592640413171,0.7136078259241613,0.7818592640413171,0.781713366882541,0.8363944480309876,0.1549386701097482,359.931114
ecfp,auto,3,500,0.2,0.800065,0.7640596908491383,0.8000645577792123,0.707658781995901,0.8000645577792123,0.7305355789950341,0.8000645577792123,0.785328004966198,0.8500484183344094,0.1368624919302776,806.674378
ecfp,auto,3,500,0.5,0.791995,0.7406424299278054,0.791994835377663,0.7135124940143346,0.791994835377663,0.7254321579392813,0.791994835377663,0.789782969316781,0.8439961265332472,0.14460942543576502,1348.104752
ecfp,auto,3,500,0.8,0.786249,0.7310833713163863,0.7862491930277598,0.7124461894537986,0.7862491930277598,0.7205945568517141,0.7862491930277598,0.788701702175518,0.83968689477082,0.14977404777275663,1278.107745
ecfp,log2,3,200,0.2,0.756617,0.7572704825033463,0.7566171723692706,0.6030784594831611,0.7566171723692706,0.6448970992068197,0.7566171723692704,0.7064301013022509,0.8174628792769527,0.17129330751022165,56.618028
ecfp,log2,3,200,0.5,0.777276,0.7415766071538714,0.7772756617172369,0.6685270147001192,0.7772756617172369,0.6959227921729924,0.7772756617172369,0.7559598828080873,0.8329567462879277,0.1549386701097482,60.966361
ecfp,log2,3,200,0.8,0.773467,0.7224728199700127,0.7734667527437056,0.6792129536014789,0.7734667527437056,0.6971519299344491,0.7734667527437056,0.7642657974371257,0.8301000645577793,0.15924252205724124,53.885237
ecfp,log2,3,500,0.2,0.787669,0.7595472857589451,0.7876694641704326,0.676345508521415,0.7876694641704326,0.706806802164166,0.7876694641704326,0.7622688620019384,0.8407520981278245,0.1454701958252636,61.349632
ecfp,log2,3,500,0.5,0.789994,0.7449559863075459,0.7899935442220789,0.7021933062956824,0.7899935442220789,0.7201484486306854,0.7899935442220789,0.7811966126683666,0.8424951581665592,0.1437486550462664,58.544368
ecfp,log2,3,500,0.8,0.781730,0.7259692144921005,0.7817301484828922,0.7000178466056802,0.7817301484828922,0.7114871562961369,0.7817301484828922,0.7801496917678725,0.8362976113621692,0.15709059608349474,55.383874
ecfp,None,3,200,0.2,0.789154,0.7713883572090401,0.7891542930923175,0.6718888719915693,0.7891542930923175,0.7069743694838933,0.7891542930923177,0.7582918102160632,0.8418657198192383,0.1437486550462664,346.155848
ecfp,None,3,200,0.5,0.789800,0.7412573667400555,0.7897998708844415,0.7025873655247022,0.7897998708844415,0.7190841595390856,0.7897998708844415,0.7818868790759943,0.8423499031633312,0.14202711426726922,387.034363
ecfp,None,3,200,0.8,0.781859,0.7272461349520578,0.7818592640413171,0.7029460726103676,0.7818592640413171,0.7136078259241613,0.7818592640413171,0.781713366882541,0.8363944480309876,0.1549386701097482,383.116911
ecfp,None,3,500,0.2,0.800065,0.7640596908491383,0.8000645577792123,0.707658781995901,0.8000645577792123,0.7305355789950341,0.8000645577792123,0.785328004966198,0.8500484183344094,0.1368624919302776,923.193482
ecfp,None,3,500,0.5,0.791995,0.7406424299278054,0.791994835377663,0.7135124940143346,0.791994835377663,0.7254321579392813,0.791994835377663,0.789782969316781,0.8439961265332472,0.14460942543576502,950.017941
ecfp,None,3,500,0.8,0.786249,0.7310833713163863,0.7862491930277598,0.7124461894537986,0.7862491930277598,0.7205945568517141,0.7862491930277598,0.788701702175518,0.83968689477082,0.14977404777275663,910.065556
ecfp,sqrt,3,200,0.2,0.779148,0.7680722898671776,0.7791478373143965,0.648235498577325,0.7791478373143965,0.687008310390584,0.7791478373143965,0.7407560246452185,0.8343608779857973,0.14977404777275663,49.801844
ecfp,sqrt,3,200,0.5,0.788121,0.7490735456117703,0.7881213686249193,0.6917102465441441,0.7881213686249193,0.7146264129969261,0.7881213686249193,0.7731716979004654,0.8410910264686895,0.14934366257800732,68.166580
ecfp,sqrt,3,200,0.8,0.781988,0.7302248333319286,0.7819883795997417,0.6979362784371083,0.7819883795997417,0.711728979584666,0.7819883795997417,0.7780826861560559,0.8364912846998063,0.15450828491499893,60.889187
ecfp,sqrt,3,500,0.2,0.795481,0.7642069746961491,0.7954809554551323,0.6937414737106457,0.7954809554551323,0.7209775682993182,0.7954809554551323,0.7750273735235681,0.8466107165913493,0.1437486550462664,87.643214
ecfp,sqrt,3,500,0.5,0.792318,0.7429103380781418,0.792317624273725,0.7105833567783407,0.792317624273725,0.7246347136588934,0.792317624273725,0.7877778626033092,0.8442382182052937,0.14460942543576502,75.966199
ecfp,sqrt,3,500,0.8,0.775403,0.715837385687619,0.7754342873815973,0.6981111229762857,0.7755326016785024,0.705981716946434,0.7754834128157605,0.7782751217341173,0.8316171723692705,0.15192597374650313,84.771315
rdk,auto,3,200,0.2,0.800581,0.7606831260167418,0.8005810200129115,0.7161480228631758,0.8005810200129115,0.7346912236566678,0.8005810200129115,0.791622952888428,0.8504357650096838,0.1368624919302776,496.557326
rdk,auto,3,200,0.5,0.798644,0.7484310338453698,0.7986442866365397,0.725590402775017,0.7986442866365397,0.735649814307507,0.7986442866365397,0.7987153476526561,0.8489832149774049,0.13729287712502689,541.366570
rdk,auto,3,200,0.8,0.799032,0.7480884513675914,0.799031633311814,0.7309277051221763,0.799031633311814,0.7386798497264883,0.799031633311814,0.8022276913130685,0.8492737249838606,0.1407359586830213,488.746035
rdk,auto,3,500,0.2,0.802711,0.7559420607078751,0.8027114267269206,0.728319643018264,0.8027114267269206,0.740468125700256,0.8027114267269206,0.8006910514076861,0.8520335700451903,0.1368624919302776,1233.640648
rdk,auto,3,500,0.5,0.795739,0.742182784675556,0.795739186571982,0.729271338696374,0.795739186571982,0.7349753123222744,0.795739186571982,0.8011007463065237,0.8468043899289865,0.136001721540779,1108.462348
rdk,auto,3,500,0.8,0.798257,0.744488633591886,0.7982569399612653,0.7338164494699252,0.7982569399612653,0.7385097649460594,0.7982569399612653,0.8044891783168191,0.848692704970949,0.1398751882935227,1179.667076
rdk,log2,3,200,0.2,0.778890,0.7536797339276047,0.7788896061975468,0.6650433310035331,0.7788896061975468,0.6968893048975177,0.7788896061975468,0.7528056488609316,0.8341672046481602,0.14676135140951152,26.930645
rdk,log2,3,200,0.5,0.793286,0.7516431701545104,0.7932859909619108,0.7066791636892064,0.7932859909619108,0.7253236536534289,0.7932859909619109,0.7843296285916976,0.8449644932214331,0.1459005810200129,26.690928
rdk,log2,3,200,0.8,0.794448,0.7474553967296289,0.794448030987734,0.7146602958968714,0.794448030987734,0.7288435299449507,0.794448030987734,0.7905033322637557,0.8458360232408005,0.14417904024101572,26.863853
rdk,log2,3,500,0.2,0.797870,0.7612106349983477,0.7978695932859909,0.7116242132322823,0.7978695932859909,0.7322112027532934,0.7978695932859909,0.787513987902423,0.8484021949644931,0.1398751882935227,33.760543
rdk,log2,3,500,0.5,0.798515,0.7516798764183297,0.798515171078115,0.7232560206530956,0.798515171078115,0.7357239657998443,0.798515171078115,0.7965531193456267,0.8488863783085862,0.1415967290725199,33.093328
rdk,log2,3,500,0.8,0.801033,0.7508227544282842,0.8010329244673984,0.7302933028906342,0.8010329244673984,0.7395364488527616,0.8010329244673984,0.8021681907200147,0.8507746933505488,0.1398751882935227,33.064248
rdk,None,3,200,0.2,0.800581,0.7606831260167418,0.8005810200129115,0.7161480228631758,0.8005810200129115,0.7346912236566678,0.8005810200129115,0.791622952888428,0.8504357650096838,0.1368624919302776,533.607930
rdk,None,3,200,0.5,0.798644,0.7484310338453698,0.7986442866365397,0.725590402775017,0.7986442866365397,0.735649814307507,0.7986442866365397,0.7987153476526561,0.8489832149774049,0.13729287712502689,505.187715
rdk,None,3,200,0.8,0.799032,0.7480884513675914,0.799031633311814,0.7309277051221763,0.799031633311814,0.7386798497264883,0.799031633311814,0.8022276913130685,0.8492737249838606,0.1407359586830213,504.120021
rdk,None,3,500,0.2,0.802711,0.7559420607078751,0.8027114267269206,0.728319643018264,0.8027114267269206,0.740468125700256,0.8027114267269206,0.8006910514076861,0.8520335700451903,0.1368624919302776,1174.160030
rdk,None,3,500,0.5,0.795739,0.742182784675556,0.795739186571982,0.729271338696374,0.795739186571982,0.7349753123222744,0.795739186571982,0.8011007463065237,0.8468043899289865,0.136001721540779,1201.335373
rdk,None,3,500,0.8,0.798257,0.744488633591886,0.7982569399612653,0.7338164494699252,0.7982569399612653,0.7385097649460594,0.7982569399612653,0.8044891783168191,0.848692704970949,0.1398751882935227,1144.122846
rdk,sqrt,3,200,0.2,0.791607,0.7580197380654385,0.7916074887023884,0.6926128215696963,0.7916074887023884,0.7181933967737527,0.7916074887023884,0.7740535394890435,0.8437056165267914,0.1424574994620185,33.284053
rdk,sqrt,3,200,0.5,0.801227,0.7579252815517612,0.8012265978050355,0.7206312622138451,0.8012265978050355,0.7364565514832881,0.8012265978050355,0.795061030586034,0.8509199483537766,0.1428878846567678,34.078232
rdk,sqrt,3,200,0.8,0.796708,0.7477790960720399,0.7967075532601678,0.7207659216883471,0.7967075532601678,0.7324946705456875,0.7967075532601678,0.7951542853066493,0.8475306649451259,0.1450398106305143,36.418807
rdk,sqrt,3,500,0.2,0.803034,0.7606699803241109,0.8030342156229824,0.7217597077396986,0.8030342156229824,0.7383286531506416,0.8030342156229824,0.7959273808043539,0.852275661717237,0.1390144179040241,53.814581
rdk,sqrt,3,500,0.5,0.796837,0.7455934190672759,0.7968366688185925,0.7234830684859683,0.7968366688185925,0.7332948075943163,0.7968366688185926,0.7972654069171295,0.8476275016139444,0.1424574994620185,53.882305
rdk,sqrt,3,500,0.8,0.797934,0.7459965978341604,0.7979341510652033,0.7286224031932638,0.7979341510652033,0.7363285278805457,0.7979341510652033,0.8008554868796137,0.8484506132989026,0.1437486550462664,54.279089
