Ft,MaxFt,MaxDepth,NumTrees,Accuracy,MacroPrecision,MicroPrecision,MacroRecall,MicroRecall,MacroF1,MicroF1,MacroAUC,MicroAUC,Hamming,Time
ecfp,auto,2,200,0.623628,0.20787604906391222,0.6236281471917366,0.3333333333333333,0.6236281471917366,0.2560520579300453,0.6236281471917366,0.49999999999999994,0.7177211103938024,0.2582311168495804,5.754306
ecfp,auto,3,200,0.623757,0.24123717520975715,0.6237572627501614,0.33355335533553354,0.6237572627501614,0.2565097491160682,0.6237572627501614,0.5001706170617062,0.717817947062621,0.2582311168495804,6.195599
ecfp,auto,4,200,0.624726,0.40810489599486827,0.6247256294383474,0.33506479682557,0.6247256294383474,0.25965678176271645,0.6247256294383474,0.5013530851147158,0.7185442220787606,0.25650957607058317,7.291297
ecfp,auto,5,200,0.627566,0.5378682449960259,0.6275661717236926,0.3395929020100464,0.6275661717236926,0.26898904097618276,0.6275661717236926,0.5048819675121419,0.7206746287927694,0.25521842048633525,7.101101
ecfp,auto,2,500,0.623628,0.20787604906391222,0.6236281471917366,0.3333333333333333,0.6236281471917366,0.2560520579300453,0.6236281471917366,0.49999999999999994,0.7177211103938024,0.2582311168495804,7.500578
ecfp,auto,3,500,0.623628,0.20787604906391222,0.6236281471917366,0.3333333333333333,0.6236281471917366,0.2560520579300453,0.6236281471917366,0.49999999999999994,0.7177211103938024,0.2582311168495804,9.002857
ecfp,auto,4,500,0.624726,0.4414386859446295,0.6247256294383473,0.33506056807102336,0.6247256294383473,0.2596496735750284,0.6247256294383473,0.5013526060334834,0.7185442220787605,0.2569399612653325,9.929469
ecfp,auto,5,500,0.627308,0.5419807955885052,0.6273079406068431,0.3391677333554439,0.6273079406068431,0.2681360946428626,0.6273079406068431,0.5045556306119634,0.7204809554551325,0.25650957607058317,10.489070
ecfp,log2,2,200,0.623628,0.20787604906391222,0.6236281471917366,0.3333333333333333,0.6236281471917366,0.2560520579300453,0.6236281471917366,0.49999999999999994,0.7177211103938024,0.2582311168495804,4.990767
ecfp,log2,3,200,0.623628,0.20787604906391222,0.6236281471917366,0.3333333333333333,0.6236281471917366,0.2560520579300453,0.6236281471917366,0.49999999999999994,0.7177211103938024,0.2582311168495804,5.156843
ecfp,log2,4,200,0.623628,0.20787604906391222,0.6236281471917366,0.3333333333333333,0.6236281471917366,0.2560520579300453,0.6236281471917366,0.49999999999999994,0.7177211103938024,0.2582311168495804,5.097184
ecfp,log2,5,200,0.623628,0.20787604906391222,0.6236281471917366,0.3333333333333333,0.6236281471917366,0.2560520579300453,0.6236281471917366,0.49999999999999994,0.7177211103938024,0.2582311168495804,5.611819
ecfp,log2,2,500,0.623628,0.20787604906391222,0.6236281471917366,0.3333333333333333,0.6236281471917366,0.2560520579300453,0.6236281471917366,0.49999999999999994,0.7177211103938024,0.2582311168495804,5.806288
ecfp,log2,3,500,0.623628,0.20787604906391222,0.6236281471917366,0.3333333333333333,0.6236281471917366,0.2560520579300453,0.6236281471917366,0.49999999999999994,0.7177211103938024,0.2582311168495804,6.709190
ecfp,log2,4,500,0.623628,0.20787604906391222,0.6236281471917366,0.3333333333333333,0.6236281471917366,0.2560520579300453,0.6236281471917366,0.49999999999999994,0.7177211103938024,0.2582311168495804,7.073293
ecfp,log2,5,500,0.623628,0.20787604906391222,0.6236281471917366,0.3333333333333333,0.6236281471917366,0.2560520579300453,0.6236281471917366,0.49999999999999994,0.7177211103938024,0.2582311168495804,6.996608
ecfp,None,2,200,0.638347,0.49861657179436264,0.6383473208521626,0.36634745690378245,0.6383473208521626,0.3236671036651293,0.6383473208521626,0.5258432666144688,0.728760490639122,0.24618033139659995,46.147607
ecfp,None,3,200,0.644287,0.6904775399367016,0.644286636539703,0.3770790437063055,0.644286636539703,0.34384291748199214,0.644286636539703,0.5338832290605067,0.7332149774047771,0.23972455347536045,62.457933
ecfp,None,4,200,0.648547,0.7315694437078647,0.6485474499677213,0.3834124790851453,0.6485474499677213,0.3545428879427627,0.6485474499677213,0.5389103292715656,0.7364105874757908,0.23843339789111254,70.718099
ecfp,None,5,200,0.653260,0.7308488669685611,0.653260167850226,0.39248171619898936,0.653260167850226,0.37030201063323454,0.653260167850226,0.5458730700110509,0.7399451258876695,0.23197761996987304,88.656076
ecfp,None,2,500,0.638347,0.4949983923079278,0.6383473208521627,0.36607466388926796,0.6383473208521627,0.32299467818575905,0.6383473208521627,0.5256570189073304,0.7287604906391221,0.24531956100710137,92.288054
ecfp,None,3,500,0.645061,0.7297537895702615,0.6450613298902517,0.3782202846032367,0.6450613298902517,0.34593464854160316,0.6450613298902517,0.534715818399188,0.7337959974176889,0.23929416828061115,178.346587
ecfp,None,4,500,0.648741,0.7295076045950489,0.6487411233053584,0.3837712523178376,0.6487411233053584,0.35519907579572063,0.6487411233053584,0.5391833492049244,0.7365558424790188,0.23843339789111254,221.163409
ecfp,None,5,500,0.652227,0.7294567841728606,0.6522272433828276,0.39036445771296197,0.6522272433828276,0.3666166608893668,0.6522272433828276,0.5442498054749109,0.7391704325371207,0.23240800516462234,235.643787
ecfp,sqrt,2,200,0.623628,0.20787604906391222,0.6236281471917366,0.3333333333333333,0.6236281471917366,0.2560520579300453,0.6236281471917366,0.49999999999999994,0.7177211103938024,0.2582311168495804,5.671298
ecfp,sqrt,3,200,0.623628,0.20787604906391222,0.6236281471917366,0.3333333333333333,0.6236281471917366,0.2560520579300453,0.6236281471917366,0.49999999999999994,0.7177211103938024,0.2582311168495804,5.884186
ecfp,sqrt,4,200,0.624790,0.44145110040352464,0.6247901872175597,0.33515541200743715,0.6247901872175597,0.2598433535610263,0.6247901872175597,0.5014246763618866,0.7185926404131697,0.2569399612653325,6.984384
ecfp,sqrt,5,200,0.627308,0.537820131300158,0.6273079406068431,0.33922018920613545,0.6273079406068431,0.26830384157375564,0.6273079406068431,0.5045987623922931,0.7204809554551324,0.25478803529158595,7.685149
ecfp,sqrt,2,500,0.623628,0.20787604906391222,0.6236281471917366,0.3333333333333333,0.6236281471917366,0.2560520579300453,0.6236281471917366,0.49999999999999994,0.7177211103938024,0.2582311168495804,8.446583
ecfp,sqrt,3,500,0.623628,0.20787604906391222,0.6236281471917366,0.3333333333333333,0.6236281471917366,0.2560520579300453,0.6236281471917366,0.49999999999999994,0.7177211103938024,0.2582311168495804,9.609284
ecfp,sqrt,4,500,0.624467,0.40805125163585504,0.6244673983214978,0.334652452249957,0.6244673983214978,0.2588035954665089,0.6244673983214978,0.5010332679774185,0.7183505487411234,0.2569399612653325,11.000765
ecfp,sqrt,5,500,0.627760,0.5754089794540764,0.6277598450613298,0.33993127295165565,0.6277598450613298,0.26969759396585513,0.6277598450613298,0.5051379272602583,0.7208198837959975,0.25521842048633525,13.110089
rdk,auto,2,200,0.623628,0.20787604906391222,0.6236281471917366,0.3333333333333333,0.6236281471917366,0.2560520579300453,0.6236281471917366,0.49999999999999994,0.7177211103938024,0.2582311168495804,6.670890
rdk,auto,3,200,0.623628,0.20787604906391222,0.6236281471917366,0.3333333333333333,0.6236281471917366,0.2560520579300453,0.6236281471917366,0.49999999999999994,0.7177211103938024,0.2582311168495804,7.148767
rdk,auto,4,200,0.623628,0.20787604906391222,0.6236281471917366,0.3333333333333333,0.6236281471917366,0.2560520579300453,0.6236281471917366,0.49999999999999994,0.7177211103938024,0.2582311168495804,7.725505
rdk,auto,5,200,0.625629,0.4368818315708604,0.6256294383473209,0.3365179252589959,0.6256294383473209,0.26263609311633324,0.6256294383473209,0.5025056906166171,0.7192220787604907,0.2582311168495804,8.263544
rdk,auto,2,500,0.623628,0.20787604906391222,0.6236281471917366,0.3333333333333333,0.6236281471917366,0.2560520579300453,0.6236281471917366,0.49999999999999994,0.7177211103938024,0.2582311168495804,9.474466
rdk,auto,3,500,0.623628,0.20787604906391222,0.6236281471917366,0.3333333333333333,0.6236281471917366,0.2560520579300453,0.6236281471917366,0.49999999999999994,0.7177211103938024,0.2582311168495804,11.031887
rdk,auto,4,500,0.623628,0.20787604906391222,0.6236281471917366,0.3333333333333333,0.6236281471917366,0.2560520579300453,0.6236281471917366,0.49999999999999994,0.7177211103938024,0.2582311168495804,12.859462
rdk,auto,5,500,0.625178,0.4332126199309272,0.6251775338928341,0.3357467338630151,0.6251775338928341,0.26107684412021986,0.6251775338928341,0.501908792828295,0.7188831504196256,0.2582311168495804,13.299323
rdk,log2,2,200,0.623628,0.20787604906391222,0.6236281471917366,0.3333333333333333,0.6236281471917366,0.2560520579300453,0.6236281471917366,0.49999999999999994,0.7177211103938024,0.2582311168495804,5.535855
rdk,log2,3,200,0.623628,0.20787604906391222,0.6236281471917366,0.3333333333333333,0.6236281471917366,0.2560520579300453,0.6236281471917366,0.49999999999999994,0.7177211103938024,0.2582311168495804,5.888949
rdk,log2,4,200,0.623628,0.20787604906391222,0.6236281471917366,0.3333333333333333,0.6236281471917366,0.2560520579300453,0.6236281471917366,0.49999999999999994,0.7177211103938024,0.2582311168495804,6.042931
rdk,log2,5,200,0.623628,0.20787604906391222,0.6236281471917366,0.3333333333333333,0.6236281471917366,0.2560520579300453,0.6236281471917366,0.49999999999999994,0.7177211103938024,0.2582311168495804,6.146393
rdk,log2,2,500,0.623628,0.20787604906391222,0.6236281471917366,0.3333333333333333,0.6236281471917366,0.2560520579300453,0.6236281471917366,0.49999999999999994,0.7177211103938024,0.2582311168495804,6.445630
rdk,log2,3,500,0.623628,0.20787604906391222,0.6236281471917366,0.3333333333333333,0.6236281471917366,0.2560520579300453,0.6236281471917366,0.49999999999999994,0.7177211103938024,0.2582311168495804,7.386352
rdk,log2,4,500,0.623628,0.20787604906391222,0.6236281471917366,0.3333333333333333,0.6236281471917366,0.2560520579300453,0.6236281471917366,0.49999999999999994,0.7177211103938024,0.2582311168495804,7.611940
rdk,log2,5,500,0.623628,0.20787604906391222,0.6236281471917366,0.3333333333333333,0.6236281471917366,0.2560520579300453,0.6236281471917366,0.49999999999999994,0.7177211103938024,0.2582311168495804,8.064242
rdk,None,2,200,0.623628,0.20787604906391222,0.6236281471917366,0.3333333333333333,0.6236281471917366,0.2560520579300453,0.6236281471917366,0.49999999999999994,0.7177211103938024,0.2582311168495804,71.719286
rdk,None,3,200,0.623628,0.20787604906391222,0.6236281471917366,0.3333333333333333,0.6236281471917366,0.2560520579300453,0.6236281471917366,0.49999999999999994,0.7177211103938024,0.2582311168495804,102.903674
rdk,None,4,200,0.638541,0.7318659345923266,0.6385409941897998,0.36123482107553934,0.6385409941897998,0.31305864158630814,0.6385409941897998,0.5214793864613682,0.7289057456423499,0.24359802022810415,122.594898
rdk,None,5,200,0.670174,0.7377906274332522,0.6701743060038735,0.42452929662550093,0.6701743060038735,0.4246349208061199,0.6701743060038735,0.5701122419200976,0.7526307295029051,0.22336991607488701,148.294973
rdk,None,2,500,0.623628,0.20787604906391222,0.6236281471917366,0.3333333333333333,0.6236281471917366,0.2560520579300453,0.6236281471917366,0.49999999999999994,0.7177211103938024,0.2582311168495804,183.136123
rdk,None,3,500,0.623628,0.20787604906391222,0.6236281471917366,0.3333333333333333,0.6236281471917366,0.2560520579300453,0.6236281471917366,0.49999999999999994,0.7177211103938024,0.2582311168495804,270.345055
rdk,None,4,500,0.638864,0.7154821350575814,0.6388637830858618,0.36192547176475665,0.6388637830858618,0.3143081555062548,0.6388637830858618,0.5220359091327573,0.7291478373143965,0.24058532386485904,470.958130
rdk,None,5,500,0.670303,0.7397011930561371,0.6703034215622983,0.4248180972102933,0.6703034215622983,0.42505321366383225,0.6703034215622983,0.5702028342648826,0.7527275661717236,0.22207876049063913,369.856075
rdk,sqrt,2,200,0.623628,0.20787604906391222,0.6236281471917366,0.3333333333333333,0.6236281471917366,0.2560520579300453,0.6236281471917366,0.49999999999999994,0.7177211103938024,0.2582311168495804,6.888143
rdk,sqrt,3,200,0.623628,0.20787604906391222,0.6236281471917366,0.3333333333333333,0.6236281471917366,0.2560520579300453,0.6236281471917366,0.49999999999999994,0.7177211103938024,0.2582311168495804,7.563888
rdk,sqrt,4,200,0.623628,0.20787604906391222,0.6236281471917366,0.3333333333333333,0.6236281471917366,0.2560520579300453,0.6236281471917366,0.49999999999999994,0.7177211103938024,0.2582311168495804,7.991299
rdk,sqrt,5,200,0.625952,0.5000404104017372,0.6259522272433828,0.3369479149383582,0.6259522272433828,0.26355407062012026,0.6259522272433828,0.5028502003558533,0.7194641704325371,0.2582311168495804,8.674855
rdk,sqrt,2,500,0.623628,0.20787604906391222,0.6236281471917366,0.3333333333333333,0.6236281471917366,0.2560520579300453,0.6236281471917366,0.49999999999999994,0.7177211103938024,0.2582311168495804,8.985317
rdk,sqrt,3,500,0.623628,0.20787604906391222,0.6236281471917366,0.3333333333333333,0.6236281471917366,0.2560520579300453,0.6236281471917366,0.49999999999999994,0.7177211103938024,0.2582311168495804,10.576644
rdk,sqrt,4,500,0.623628,0.20787604906391222,0.6236281471917366,0.3333333333333333,0.6236281471917366,0.2560520579300453,0.6236281471917366,0.49999999999999994,0.7177211103938024,0.2582311168495804,12.398009
rdk,sqrt,5,500,0.624790,0.5014650832664937,0.6247901872175597,0.3351799003010397,0.6247901872175597,0.2599047421987822,0.6247901872175597,0.5014537317690863,0.7185926404131697,0.2582311168495804,14.209590
